000000	000000
000001	000000
000002	000000
000003	000000
000004	000001
000005	000006
000006	000010
000007	000016
000008	000016
000009	000025
000010	000019
000011	000013
000012	000016
000013	000019
000014	000015
000015	000013
000016	000018
000017	000018
000018	000020
000019	000018
000020	000021
000021	000018
000022	000014
000023	000022
000024	000020
000025	000024
000026	000027
000027	000026
000028	000021
000029	000042
000030	000030
000031	000033
000032	000031
000033	000020
000034	000020
000035	000022
000036	000018
000037	000021
000038	000018
000039	000017
000040	000012
000041	000013
000042	000015
000043	000011
000044	000016
000045	000021
000046	000013
000047	000012
000048	000015
000049	000017
000050	000019
000051	000016
000052	000017
000053	000013
000054	000011
000055	000020
000056	000020
000057	000010
000058	000020
000059	000014
000060	000016
000061	000014
000062	000011
000063	000014
000064	000019
000065	000010
000066	000017
000067	000015
000068	000017
000069	000015
000070	000016
000071	000011
000072	000008
000073	000009
000074	000012
000075	000020
000076	000018
000077	000017
000078	000012
000079	000012
000080	000010
000081	000016
000082	000016
000083	000014
000084	000008
000085	000019
000086	000015
000087	000015
000088	000019
000089	000017
000090	000013
000091	000015
000092	000013
000093	000015
000094	000016
000095	000013
000096	000017
000097	000015
000098	000021
000099	000015
000100	000014
000101	000022
000102	000015
000103	000020
000104	000017
000105	000011
000106	000013
000107	000010
000108	000018
000109	000013
000110	000008
000111	000017
000112	000021
000113	000018
000114	000021
000115	000011
000116	000017
000117	000016
000118	000021
000119	000022
000120	000015
000121	000018
000122	000015
000123	000015
000124	000013
000125	000017
000126	000016
000127	000017
000128	000012
000129	000008
000130	000010
000131	000018
000132	000014
000133	000017
000134	000018
000135	000020
000136	000018
000137	000014
000138	000013
000139	000012
000140	000021
000141	000011
000142	000014
000143	000019
000144	000020
000145	000012
000146	000010
000147	000019
000148	000009
000149	000011
000150	000009
000151	000017
000152	000023
000153	000015
000154	000014
000155	000015
000156	000016
000157	000011
000158	000010
000159	000026
000160	000012
000161	000021
000162	000013
000163	000018
000164	000015
000165	000014
000166	000018
000167	000020
000168	000019
000169	000017
000170	000021
000171	000013
000172	000017
000173	000009
000174	000016
000175	000012
000176	000021
000177	000014
000178	000013
000179	000013
000180	000019
000181	000018
000182	000016
000183	000013
000184	000010
000185	000025
000186	000016
000187	000026
000188	000013
000189	000019
000190	000012
000191	000019
000192	000019
000193	000017
000194	000012
000195	000018
000196	000022
000197	000013
000198	000023
000199	000016
000200	000013
000201	000020
000202	000011
000203	000019
000204	000018
000205	000016
000206	000011
000207	000018
000208	000013
000209	000017
000210	000018
000211	000012
000212	000018
000213	000012
000214	000012
000215	000008
000216	000009
000217	000017
000218	000014
000219	000012
000220	000007
000221	000016
000222	000019
000223	000018
000224	000015
000225	000010
000226	000014
000227	000013
000228	000018
000229	000015
000230	000010
000231	000011
000232	000015
000233	000013
000234	000013
000235	000016
000236	000015
000237	000012
000238	000010
000239	000014
000240	000013
000241	000012
000242	000012
000243	000018
000244	000009
000245	000011
000246	000013
000247	000013
000248	000012
000249	000011
000250	000009
000251	000015
000252	000014
000253	000012
000254	000011
000255	000014
000256	000008
000257	000013
000258	000012
000259	000015
000260	000009
000261	000011
000262	000013
000263	000006
000264	000010
000265	000011
000266	000012
000267	000011
000268	000013
000269	000011
000270	000012
000271	000009
000272	000008
000273	000009
000274	000011
000275	000013
000276	000015
000277	000012
000278	000016
000279	000010
000280	000016
000281	000012
000282	000018
000283	000011
000284	000011
000285	000012
000286	000009
000287	000014
000288	000012
000289	000013
000290	000016
000291	000012
000292	000011
000293	000015
000294	000011
000295	000014
000296	000012
000297	000010
000298	000008
000299	000019
000300	000014
000301	000011
000302	000011
000303	000008
000304	000011
000305	000016
000306	000011
000307	000011
000308	000013
000309	000014
000310	000016
000311	000017
000312	000020
000313	000012
000314	000013
000315	000013
000316	000010
000317	000008
000318	000012
000319	000011
000320	000013
000321	000011
000322	000007
000323	000019
000324	000009
000325	000009
000326	000012
000327	000015
000328	000014
000329	000013
000330	000014
000331	000008
000332	000016
000333	000013
000334	000019
000335	000015
000336	000013
000337	000010
000338	000018
000339	000014
000340	000005
000341	000014
000342	000006
000343	000020
000344	000018
000345	000009
000346	000014
000347	000013
000348	000013
000349	000009
000350	000017
000351	000021
000352	000011
000353	000011
000354	000015
000355	000011
000356	000018
000357	000009
000358	000013
000359	000018
000360	000016
000361	000018
000362	000012
000363	000010
000364	000011
000365	000014
000366	000015
000367	000010
000368	000016
000369	000008
000370	000016
000371	000016
000372	000015
000373	000019
000374	000017
000375	000008
000376	000016
000377	000013
000378	000017
000379	000014
000380	000010
000381	000010
000382	000013
000383	000011
000384	000015
000385	000010
000386	000013
000387	000010
000388	000012
000389	000013
000390	000014
000391	000017
000392	000014
000393	000013
000394	000012
000395	000014
000396	000015
000397	000008
000398	000006
000399	000019
