000000	000000
000001	000000
000002	000000
000003	000000
000004	000003
000005	000013
000006	000009
000007	000005
000008	000015
000009	000015
000010	000017
000011	000017
000012	000014
000013	000016
000014	000019
000015	000019
000016	000011
000017	000016
000018	000016
000019	000022
000020	000017
000021	000017
000022	000026
000023	000028
000024	000033
000025	000020
000026	000020
000027	000022
000028	000026
000029	000030
000030	000030
000031	000032
000032	000024
000033	000016
000034	000018
000035	000018
000036	000022
000037	000020
000038	000015
000039	000020
000040	000014
000041	000023
000042	000016
000043	000009
000044	000015
000045	000008
000046	000015
000047	000012
000048	000016
000049	000006
000050	000016
000051	000017
000052	000017
000053	000021
000054	000020
000055	000015
000056	000014
000057	000017
000058	000012
000059	000016
000060	000009
000061	000014
000062	000022
000063	000015
000064	000017
000065	000014
000066	000016
000067	000014
000068	000022
000069	000016
000070	000017
000071	000016
000072	000019
000073	000019
000074	000014
000075	000016
000076	000014
000077	000010
000078	000018
000079	000021
000080	000014
000081	000021
000082	000018
000083	000016
000084	000014
000085	000024
000086	000018
000087	000014
000088	000021
000089	000019
000090	000009
000091	000015
000092	000013
000093	000013
000094	000020
000095	000019
000096	000016
000097	000018
000098	000012
000099	000010
000100	000014
000101	000019
000102	000022
000103	000011
000104	000016
000105	000015
000106	000014
000107	000020
000108	000017
000109	000013
000110	000016
000111	000014
000112	000022
000113	000015
000114	000012
000115	000018
000116	000016
000117	000011
000118	000017
000119	000017
000120	000019
000121	000017
000122	000009
000123	000015
000124	000014
000125	000013
000126	000016
000127	000022
000128	000015
000129	000015
000130	000018
000131	000012
000132	000013
000133	000011
000134	000022
000135	000012
000136	000008
000137	000014
000138	000015
000139	000019
000140	000016
000141	000017
000142	000013
000143	000013
000144	000019
000145	000016
000146	000006
000147	000012
000148	000014
000149	000021
000150	000014
000151	000015
000152	000021
000153	000017
000154	000014
000155	000012
000156	000006
000157	000015
000158	000012
000159	000014
000160	000015
000161	000015
000162	000016
000163	000017
000164	000017
000165	000014
000166	000015
000167	000011
000168	000014
000169	000020
000170	000021
000171	000017
000172	000017
000173	000015
000174	000015
000175	000008
000176	000011
000177	000013
000178	000014
000179	000019
000180	000022
000181	000016
000182	000031
000183	000017
000184	000012
000185	000020
000186	000020
000187	000016
000188	000013
000189	000016
000190	000012
000191	000013
000192	000012
000193	000014
000194	000008
000195	000019
000196	000026
000197	000012
000198	000015
000199	000012
000200	000015
000201	000014
000202	000014
000203	000018
000204	000010
000205	000015
000206	000021
000207	000014
000208	000017
000209	000012
000210	000014
000211	000013
000212	000014
000213	000007
000214	000024
000215	000007
000216	000017
000217	000010
000218	000017
000219	000014
000220	000013
000221	000014
000222	000017
000223	000018
000224	000015
000225	000019
000226	000011
000227	000016
000228	000011
000229	000014
000230	000015
000231	000018
000232	000018
000233	000017
000234	000012
000235	000016
000236	000008
000237	000010
000238	000010
000239	000013
000240	000009
000241	000015
000242	000009
000243	000015
000244	000018
000245	000014
000246	000017
000247	000015
000248	000015
000249	000010
000250	000011
000251	000013
000252	000015
000253	000014
000254	000020
000255	000009
000256	000015
000257	000013
000258	000009
000259	000007
000260	000012
000261	000022
000262	000016
000263	000017
000264	000015
000265	000007
000266	000013
000267	000012
000268	000009
000269	000010
000270	000018
000271	000011
000272	000012
000273	000016
000274	000016
000275	000014
000276	000013
000277	000016
000278	000013
000279	000013
000280	000016
000281	000014
000282	000009
000283	000013
000284	000009
000285	000013
000286	000014
000287	000018
000288	000012
000289	000014
000290	000011
000291	000013
000292	000012
000293	000018
000294	000012
000295	000008
000296	000010
000297	000007
000298	000018
000299	000015
000300	000010
000301	000013
000302	000011
000303	000015
000304	000021
000305	000013
000306	000011
000307	000014
000308	000014
000309	000013
000310	000014
000311	000012
000312	000010
000313	000009
000314	000010
000315	000009
000316	000013
000317	000014
000318	000014
000319	000010
000320	000015
000321	000013
000322	000011
000323	000010
000324	000009
000325	000017
000326	000011
000327	000011
000328	000009
000329	000011
000330	000015
000331	000009
000332	000012
000333	000011
000334	000011
000335	000015
000336	000016
000337	000011
000338	000007
000339	000011
000340	000010
000341	000016
000342	000010
000343	000014
000344	000013
000345	000016
000346	000014
000347	000009
000348	000010
000349	000006
000350	000012
000351	000013
000352	000011
000353	000010
000354	000012
000355	000013
000356	000012
000357	000009
000358	000011
000359	000008
000360	000015
000361	000019
000362	000011
000363	000018
000364	000010
000365	000010
000366	000014
000367	000006
000368	000019
000369	000009
000370	000018
000371	000012
000372	000019
000373	000014
000374	000017
000375	000008
000376	000013
000377	000015
000378	000019
000379	000010
000380	000011
000381	000009
000382	000010
000383	000008
000384	000011
000385	000005
000386	000014
000387	000017
000388	000021
000389	000009
000390	000013
000391	000013
000392	000013
000393	000012
000394	000014
000395	000014
000396	000014
000397	000013
000398	000009
000399	000015
