000000	000000
000001	000000
000002	000000
000003	000000
000004	000000
000005	000003
000006	000005
000007	000009
000008	000014
000009	000025
000010	000011
000011	000010
000012	000018
000013	000010
000014	000020
000015	000014
000016	000012
000017	000014
000018	000014
000019	000027
000020	000018
000021	000016
000022	000019
000023	000020
000024	000022
000025	000022
000026	000023
000027	000022
000028	000028
000029	000026
000030	000025
000031	000019
000032	000029
000033	000030
000034	000022
000035	000018
000036	000012
000037	000017
000038	000016
000039	000019
000040	000018
000041	000013
000042	000017
000043	000014
000044	000016
000045	000010
000046	000015
000047	000014
000048	000018
000049	000018
000050	000022
000051	000018
000052	000013
000053	000016
000054	000014
000055	000011
000056	000009
000057	000020
000058	000017
000059	000012
000060	000016
000061	000017
000062	000013
000063	000007
000064	000015
000065	000016
000066	000015
000067	000016
000068	000026
000069	000019
000070	000024
000071	000022
000072	000014
000073	000016
000074	000018
000075	000018
000076	000010
000077	000009
000078	000015
000079	000009
000080	000019
000081	000019
000082	000015
000083	000011
000084	000023
000085	000015
000086	000017
000087	000024
000088	000016
000089	000006
000090	000020
000091	000016
000092	000012
000093	000023
000094	000015
000095	000019
000096	000022
000097	000008
000098	000014
000099	000019
000100	000008
000101	000014
000102	000015
000103	000015
000104	000015
000105	000011
000106	000021
000107	000012
000108	000022
000109	000016
000110	000015
000111	000023
000112	000022
000113	000012
000114	000012
000115	000010
000116	000016
000117	000018
000118	000013
000119	000010
000120	000016
000121	000014
000122	000020
000123	000017
000124	000014
000125	000016
000126	000015
000127	000025
000128	000009
000129	000012
000130	000015
000131	000014
000132	000026
000133	000021
000134	000014
000135	000020
000136	000020
000137	000013
000138	000014
000139	000015
000140	000017
000141	000015
000142	000022
000143	000021
000144	000016
000145	000017
000146	000010
000147	000013
000148	000017
000149	000013
000150	000014
000151	000016
000152	000016
000153	000010
000154	000010
000155	000013
000156	000015
000157	000017
000158	000022
000159	000016
000160	000023
000161	000018
000162	000015
000163	000014
000164	000019
000165	000015
000166	000019
000167	000022
000168	000019
000169	000014
000170	000014
000171	000019
000172	000014
000173	000017
000174	000020
000175	000011
000176	000015
000177	000009
000178	000012
000179	000012
000180	000021
000181	000012
000182	000022
000183	000017
000184	000016
000185	000015
000186	000010
000187	000033
000188	000018
000189	000015
000190	000009
000191	000015
000192	000019
000193	000010
000194	000014
000195	000014
000196	000015
000197	000007
000198	000010
000199	000011
000200	000025
000201	000017
000202	000020
000203	000014
000204	000013
000205	000014
000206	000023
000207	000011
000208	000013
000209	000017
000210	000015
000211	000015
000212	000014
000213	000012
000214	000010
000215	000013
000216	000016
000217	000011
000218	000013
000219	000009
000220	000016
000221	000014
000222	000011
000223	000011
000224	000017
000225	000014
000226	000014
000227	000010
000228	000015
000229	000010
000230	000014
000231	000019
000232	000010
000233	000013
000234	000011
000235	000015
000236	000012
000237	000017
000238	000008
000239	000011
000240	000014
000241	000015
000242	000016
000243	000018
000244	000010
000245	000015
000246	000011
000247	000013
000248	000015
000249	000014
000250	000012
000251	000017
000252	000006
000253	000011
000254	000007
000255	000010
000256	000015
000257	000009
000258	000014
000259	000018
000260	000020
000261	000024
000262	000013
000263	000012
000264	000010
000265	000017
000266	000013
000267	000014
000268	000007
000269	000010
000270	000010
000271	000009
000272	000018
000273	000011
000274	000011
000275	000013
000276	000024
000277	000009
000278	000018
000279	000014
000280	000011
000281	000010
000282	000010
000283	000011
000284	000017
000285	000019
000286	000016
000287	000013
000288	000013
000289	000010
000290	000014
000291	000014
000292	000009
000293	000011
000294	000014
000295	000015
000296	000010
000297	000007
000298	000019
000299	000015
000300	000018
000301	000012
000302	000018
000303	000014
000304	000013
000305	000010
000306	000008
000307	000012
000308	000015
000309	000016
000310	000008
000311	000016
000312	000011
000313	000018
000314	000011
000315	000017
000316	000008
000317	000011
000318	000013
000319	000013
000320	000014
000321	000009
000322	000013
000323	000020
000324	000013
000325	000011
000326	000014
000327	000020
000328	000009
000329	000013
000330	000017
000331	000008
000332	000011
000333	000021
000334	000010
000335	000009
000336	000011
000337	000013
000338	000008
000339	000007
000340	000010
000341	000012
000342	000008
000343	000013
000344	000008
000345	000019
000346	000011
000347	000011
000348	000009
000349	000020
000350	000010
000351	000018
000352	000014
000353	000014
000354	000014
000355	000015
000356	000008
000357	000020
000358	000017
000359	000014
000360	000014
000361	000009
000362	000017
000363	000012
000364	000009
000365	000023
000366	000010
000367	000011
000368	000012
000369	000011
000370	000010
000371	000010
000372	000013
000373	000016
000374	000008
000375	000012
000376	000017
000377	000019
000378	000022
000379	000014
000380	000007
000381	000009
000382	000010
000383	000016
000384	000010
000385	000011
000386	000009
000387	000017
000388	000009
000389	000009
000390	000010
000391	000015
000392	000015
000393	000014
000394	000011
000395	000011
000396	000011
000397	000012
000398	000008
000399	000011
