000000	000000
000001	000000
000002	000000
000003	000000
000004	000003
000005	000001
000006	000012
000007	000007
000008	000011
000009	000018
000010	000019
000011	000017
000012	000018
000013	000012
000014	000017
000015	000012
000016	000015
000017	000019
000018	000013
000019	000019
000020	000018
000021	000016
000022	000015
000023	000018
000024	000028
000025	000028
000026	000026
000027	000035
000028	000034
000029	000038
000030	000024
000031	000027
000032	000023
000033	000028
000034	000020
000035	000011
000036	000024
000037	000016
000038	000019
000039	000014
000040	000020
000041	000020
000042	000016
000043	000013
000044	000016
000045	000020
000046	000016
000047	000018
000048	000017
000049	000010
000050	000019
000051	000008
000052	000014
000053	000022
000054	000017
000055	000012
000056	000021
000057	000017
000058	000014
000059	000018
000060	000015
000061	000014
000062	000012
000063	000016
000064	000012
000065	000016
000066	000022
000067	000012
000068	000014
000069	000023
000070	000018
000071	000012
000072	000011
000073	000014
000074	000015
000075	000022
000076	000007
000077	000022
000078	000013
000079	000011
000080	000011
000081	000012
000082	000012
000083	000017
000084	000013
000085	000015
000086	000016
000087	000018
000088	000022
000089	000019
000090	000014
000091	000016
000092	000018
000093	000015
000094	000019
000095	000015
000096	000013
000097	000015
000098	000014
000099	000013
000100	000018
000101	000017
000102	000009
000103	000013
000104	000018
000105	000015
000106	000013
000107	000011
000108	000016
000109	000020
000110	000012
000111	000015
000112	000020
000113	000015
000114	000012
000115	000021
000116	000019
000117	000012
000118	000010
000119	000013
000120	000019
000121	000012
000122	000014
000123	000019
000124	000017
000125	000015
000126	000018
000127	000014
000128	000012
000129	000015
000130	000011
000131	000011
000132	000021
000133	000011
000134	000021
000135	000016
000136	000016
000137	000013
000138	000013
000139	000016
000140	000015
000141	000013
000142	000010
000143	000026
000144	000014
000145	000016
000146	000021
000147	000016
000148	000013
000149	000017
000150	000012
000151	000015
000152	000009
000153	000021
000154	000011
000155	000010
000156	000019
000157	000012
000158	000021
000159	000013
000160	000024
000161	000011
000162	000006
000163	000015
000164	000007
000165	000016
000166	000013
000167	000020
000168	000019
000169	000015
000170	000021
000171	000008
000172	000012
000173	000012
000174	000014
000175	000016
000176	000016
000177	000014
000178	000014
000179	000014
000180	000016
000181	000015
000182	000016
000183	000025
000184	000018
000185	000012
000186	000021
000187	000012
000188	000011
000189	000016
000190	000016
000191	000017
000192	000011
000193	000009
000194	000015
000195	000017
000196	000020
000197	000013
000198	000009
000199	000010
000200	000015
000201	000022
000202	000017
000203	000016
000204	000015
000205	000017
000206	000013
000207	000015
000208	000009
000209	000019
000210	000017
000211	000013
000212	000010
000213	000011
000214	000016
000215	000013
000216	000015
000217	000011
000218	000021
000219	000015
000220	000020
000221	000016
000222	000016
000223	000022
000224	000016
000225	000017
000226	000015
000227	000015
000228	000011
000229	000015
000230	000015
000231	000015
000232	000008
000233	000021
000234	000009
000235	000009
000236	000021
000237	000012
000238	000016
000239	000012
000240	000011
000241	000013
000242	000010
000243	000013
000244	000011
000245	000013
000246	000014
000247	000012
000248	000013
000249	000015
000250	000009
000251	000008
000252	000012
000253	000013
000254	000015
000255	000010
000256	000011
000257	000014
000258	000014
000259	000006
000260	000015
000261	000011
000262	000013
000263	000012
000264	000012
000265	000009
000266	000019
000267	000009
000268	000018
000269	000013
000270	000013
000271	000007
000272	000005
000273	000014
000274	000009
000275	000014
000276	000011
000277	000013
000278	000016
000279	000010
000280	000017
000281	000016
000282	000019
000283	000011
000284	000019
000285	000009
000286	000012
000287	000014
000288	000007
000289	000016
000290	000014
000291	000016
000292	000013
000293	000010
000294	000013
000295	000008
000296	000009
000297	000011
000298	000010
000299	000011
000300	000016
000301	000007
000302	000012
000303	000012
000304	000015
000305	000010
000306	000014
000307	000018
000308	000016
000309	000017
000310	000013
000311	000011
000312	000016
000313	000016
000314	000011
000315	000007
000316	000011
000317	000013
000318	000007
000319	000010
000320	000016
000321	000012
000322	000012
000323	000012
000324	000013
000325	000012
000326	000013
000327	000015
000328	000011
000329	000009
000330	000013
000331	000014
000332	000009
000333	000008
000334	000016
000335	000010
000336	000017
000337	000019
000338	000014
000339	000005
000340	000012
000341	000012
000342	000010
000343	000010
000344	000013
000345	000015
000346	000013
000347	000012
000348	000017
000349	000007
000350	000015
000351	000013
000352	000008
000353	000007
000354	000007
000355	000011
000356	000008
000357	000008
000358	000016
000359	000015
000360	000015
000361	000013
000362	000012
000363	000010
000364	000010
000365	000014
000366	000012
000367	000014
000368	000010
000369	000011
000370	000014
000371	000012
000372	000015
000373	000009
000374	000012
000375	000023
000376	000011
000377	000013
000378	000012
000379	000014
000380	000011
000381	000006
000382	000016
000383	000008
000384	000010
000385	000019
000386	000014
000387	000014
000388	000011
000389	000013
000390	000011
000391	000013
000392	000018
000393	000015
000394	000015
000395	000012
000396	000008
000397	000012
000398	000014
000399	000013
